10,0.1,0.1
rr=0.000000%
10,0.2,0.1
rr=0.000000%
10,0.2,0.2
rr=5.672246%
10,0.3,0.1
rr=0.000000%
10,0.3,0.2
rr=5.119830%
10,0.3,0.3
rr=-1.301499%
10,0.4,0.1
rr=0.000000%
10,0.4,0.2
rr=8.200551%
10,0.4,0.3
rr=4.262532%
10,0.4,0.4
rr=9.606163%
10,0.5,0.1
rr=0.000000%
10,0.5,0.2
rr=-0.268256%
10,0.5,0.3
rr=-6.139793%
10,0.5,0.4
rr=-2.965606%
10,0.5,0.5
rr=-2.148005%
10,0.6,0.1
rr=0.000000%
10,0.6,0.2
rr=1.390594%
10,0.6,0.3
rr=-1.327961%
10,0.6,0.4
rr=1.056721%
10,0.6,0.5
rr=0.297686%
10,0.6,0.6
rr=0.654286%
10,0.7,0.1
rr=0.000000%
10,0.7,0.2
rr=0.164323%
10,0.7,0.3
rr=-1.921606%
10,0.7,0.4
rr=-0.868441%
10,0.7,0.5
rr=-3.819293%
10,0.7,0.6
rr=-2.041794%
10,0.7,0.7
rr=7.529179%
10,0.8,0.1
rr=0.000000%
10,0.8,0.2
rr=5.193911%
10,0.8,0.3
rr=4.916770%
10,0.8,0.4
rr=5.660671%
10,0.8,0.5
rr=4.328117%
10,0.8,0.6
rr=2.093326%
10,0.8,0.7
rr=8.636225%
10,0.8,0.8
rr=7.226817%
10,0.9,0.1
rr=0.000000%
10,0.9,0.2
rr=13.155523%
10,0.9,0.3
rr=14.172536%
10,0.9,0.4
rr=14.982064%
10,0.9,0.5
rr=13.531952%
10,0.9,0.6
rr=11.100008%
10,0.9,0.7
rr=15.868364%
10,0.9,0.8
rr=15.241145%
10,0.9,0.9
rr=19.864225%
11,0.1,0.1
rr=0.000000%
11,0.2,0.1
rr=0.000000%
11,0.2,0.2
rr=1.933947%
11,0.3,0.1
rr=0.000000%
11,0.3,0.2
rr=1.933947%
11,0.3,0.3
rr=4.149555%
11,0.4,0.1
rr=0.000000%
11,0.4,0.2
rr=2.932454%
11,0.4,0.3
rr=2.601578%
11,0.4,0.4
rr=4.084217%
11,0.5,0.1
rr=0.000000%
11,0.5,0.2
rr=2.248996%
11,0.5,0.3
rr=-4.544541%
11,0.5,0.4
rr=-1.654398%
11,0.5,0.5
rr=-5.412599%
11,0.6,0.1
rr=0.000000%
11,0.6,0.2
rr=2.967097%
11,0.6,0.3
rr=1.617915%
11,0.6,0.4
rr=4.506012%
11,0.6,0.5
rr=-0.761151%
11,0.6,0.6
rr=-7.949984%
11,0.7,0.1
rr=0.000000%
11,0.7,0.2
rr=0.361929%
11,0.7,0.3
rr=0.454446%
11,0.7,0.4
rr=1.969389%
11,0.7,0.5
rr=0.296140%
11,0.7,0.6
rr=-3.176687%
11,0.7,0.7
rr=1.034507%
11,0.8,0.1
rr=0.000000%
11,0.8,0.2
rr=1.101395%
11,0.8,0.3
rr=2.021558%
11,0.8,0.4
rr=2.665904%
11,0.8,0.5
rr=1.232524%
11,0.8,0.6
rr=-2.272727%
11,0.8,0.7
rr=2.860362%
11,0.8,0.8
rr=9.409751%
11,0.9,0.1
rr=0.000000%
11,0.9,0.2
rr=4.141416%
11,0.9,0.3
rr=15.776528%
11,0.9,0.4
rr=16.507748%
11,0.9,0.5
rr=14.881113%
11,0.9,0.6
rr=10.903270%
11,0.9,0.7
rr=15.131225%
11,0.9,0.8
rr=16.557645%
11,0.9,0.9
rr=21.233539%
12,0.1,0.1
rr=0.000000%
12,0.2,0.1
rr=0.000000%
12,0.2,0.2
rr=0.686105%
12,0.3,0.1
rr=0.000000%
12,0.3,0.2
rr=0.686105%
12,0.3,0.3
rr=4.833915%
12,0.4,0.1
rr=0.000000%
12,0.4,0.2
rr=1.672388%
12,0.4,0.3
rr=0.286080%
12,0.4,0.4
rr=-0.290991%
12,0.5,0.1
rr=0.000000%
12,0.5,0.2
rr=0.514578%
12,0.5,0.3
rr=-4.157540%
12,0.5,0.4
rr=-4.891331%
12,0.5,0.5
rr=-3.449714%
12,0.6,0.1
rr=0.000000%
12,0.6,0.2
rr=1.715261%
12,0.6,0.3
rr=2.921507%
12,0.6,0.4
rr=-1.310034%
12,0.6,0.5
rr=-1.590627%
12,0.6,0.6
rr=-4.526224%
12,0.7,0.1
rr=0.000000%
12,0.7,0.2
rr=3.387649%
12,0.7,0.3
rr=-0.229642%
12,0.7,0.4
rr=-1.783399%
12,0.7,0.5
rr=-2.613208%
12,0.7,0.6
rr=-3.008956%
12,0.7,0.7
rr=-4.538787%
12,0.8,0.1
rr=0.000000%
12,0.8,0.2
rr=5.060037%
12,0.8,0.3
rr=8.377725%
12,0.8,0.4
rr=6.689923%
12,0.8,0.5
rr=5.788525%
12,0.8,0.6
rr=5.358635%
12,0.8,0.7
rr=7.671059%
12,0.8,0.8
rr=11.282833%
12,0.9,0.1
rr=0.000000%
12,0.9,0.2
rr=8.704972%
12,0.9,0.3
rr=18.104738%
12,0.9,0.4
rr=16.265453%
12,0.9,0.5
rr=15.283154%
12,0.9,0.6
rr=14.814681%
12,0.9,0.7
rr=13.282203%
12,0.9,0.8
rr=17.756194%
12,0.9,0.9
rr=17.557136%
13,0.1,0.1
rr=0.000000%
13,0.2,0.1
rr=0.000000%
13,0.2,0.2
rr=0.686105%
13,0.3,0.1
rr=0.000000%
13,0.3,0.2
rr=0.943390%
13,0.3,0.3
rr=8.855992%
13,0.4,0.1
rr=0.000000%
13,0.4,0.2
rr=1.672388%
13,0.4,0.3
rr=1.627685%
13,0.4,0.4
rr=2.299142%
13,0.5,0.1
rr=0.000000%
13,0.5,0.2
rr=0.514578%
13,0.5,0.3
rr=2.614182%
13,0.5,0.4
rr=1.039188%
13,0.5,0.5
rr=-1.930308%
13,0.6,0.1
rr=0.000000%
13,0.6,0.2
rr=1.715261%
13,0.6,0.3
rr=10.202582%
13,0.6,0.4
rr=5.457443%
13,0.6,0.5
rr=1.268840%
13,0.6,0.6
rr=-2.172991%
13,0.7,0.1
rr=0.000000%
13,0.7,0.2
rr=3.387649%
13,0.7,0.3
rr=7.373723%
13,0.7,0.4
rr=5.281782%
13,0.7,0.5
rr=0.659239%
13,0.7,0.6
rr=1.548616%
13,0.7,0.7
rr=-0.822033%
13,0.8,0.1
rr=0.000000%
13,0.8,0.2
rr=8.704972%
13,0.8,0.3
rr=15.088683%
13,0.8,0.4
rr=12.846434%
13,0.8,0.5
rr=7.891754%
13,0.8,0.6
rr=8.845033%
13,0.8,0.7
rr=8.749662%
13,0.8,0.8
rr=10.849321%
13,0.9,0.1
rr=0.000000%
13,0.9,0.2
rr=6.072252%
13,0.9,0.3
rr=27.819144%
13,0.9,0.4
rr=25.328870%
13,0.9,0.5
rr=22.730435%
13,0.9,0.6
rr=22.019044%
13,0.9,0.7
rr=19.787395%
13,0.9,0.8
rr=22.620075%
13,0.9,0.9
rr=21.115726%
14,0.1,0.1
rr=0.000000%
14,0.2,0.1
rr=0.000000%
14,0.2,0.2
rr=0.686105%
14,0.3,0.1
rr=0.000000%
14,0.3,0.2
rr=0.943390%
14,0.3,0.3
rr=8.166630%
14,0.4,0.1
rr=0.000000%
14,0.4,0.2
rr=1.972553%
14,0.4,0.3
rr=0.634433%
14,0.4,0.4
rr=4.970532%
14,0.5,0.1
rr=0.000000%
14,0.5,0.2
rr=1.715261%
14,0.5,0.3
rr=4.606929%
14,0.5,0.4
rr=6.252018%
14,0.5,0.5
rr=5.214391%
14,0.6,0.1
rr=0.000000%
14,0.6,0.2
rr=1.715261%
14,0.6,0.3
rr=10.746961%
14,0.6,0.4
rr=8.872829%
14,0.6,0.5
rr=0.373894%
14,0.6,0.6
rr=-1.156405%
14,0.7,0.1
rr=0.000000%
14,0.7,0.2
rr=3.387649%
14,0.7,0.3
rr=7.715375%
14,0.7,0.4
rr=8.614467%
14,0.7,0.5
rr=2.481656%
14,0.7,0.6
rr=1.938725%
14,0.7,0.7
rr=0.242949%
14,0.8,0.1
rr=0.000000%
14,0.8,0.2
rr=8.704972%
14,0.8,0.3
rr=21.340786%
14,0.8,0.4
rr=22.353609%
14,0.8,0.5
rr=15.445030%
14,0.8,0.6
rr=14.833421%
14,0.8,0.7
rr=14.686463%
14,0.8,0.8
rr=14.862593%
14,0.9,0.1
rr=0.000000%
14,0.9,0.2
rr=6.072252%
14,0.9,0.3
rr=28.675116%
14,0.9,0.4
rr=29.749158%
14,0.9,0.5
rr=25.198814%
14,0.9,0.6
rr=22.869341%
14,0.9,0.7
rr=20.620144%
14,0.9,0.8
rr=22.351087%
14,0.9,0.9
rr=24.466115%
15,0.1,0.1
rr=0.000000%
15,0.2,0.1
rr=0.000000%
15,0.2,0.2
rr=1.119724%
15,0.3,0.1
rr=0.000000%
15,0.3,0.2
rr=1.378118%
15,0.3,0.3
rr=7.417367%
15,0.4,0.1
rr=0.000000%
15,0.4,0.2
rr=1.464261%
15,0.4,0.3
rr=-1.709286%
15,0.4,0.4
rr=3.427621%
15,0.5,0.1
rr=0.000000%
15,0.5,0.2
rr=2.153313%
15,0.5,0.3
rr=-0.046887%
15,0.5,0.4
rr=1.026150%
15,0.5,0.5
rr=3.642554%
15,0.6,0.1
rr=0.000000%
15,0.6,0.2
rr=3.832904%
15,0.6,0.3
rr=6.773385%
15,0.6,0.4
rr=8.339013%
15,0.6,0.5
rr=8.439405%
15,0.6,0.6
rr=3.828567%
15,0.7,0.1
rr=0.000000%
15,0.7,0.2
rr=3.832904%
15,0.7,0.3
rr=1.843379%
15,0.7,0.4
rr=6.623470%
15,0.7,0.5
rr=4.675104%
15,0.7,0.6
rr=2.231168%
15,0.7,0.7
rr=3.997865%
15,0.8,0.1
rr=0.000000%
15,0.8,0.2
rr=8.484067%
15,0.8,0.3
rr=11.969738%
15,0.8,0.4
rr=24.345318%
15,0.8,0.5
rr=22.073115%
15,0.8,0.6
rr=19.222972%
15,0.8,0.7
rr=21.047768%
15,0.8,0.8
rr=23.033662%
15,0.9,0.1
rr=0.000000%
15,0.9,0.2
rr=6.529068%
15,0.9,0.3
rr=15.685918%
15,0.9,0.4
rr=27.673939%
15,0.9,0.5
rr=24.348224%
15,0.9,0.6
rr=22.137347%
15,0.9,0.7
rr=22.137347%
15,0.9,0.8
rr=21.035122%
15,0.9,0.9
rr=23.152049%
16,0.1,0.1
rr=0.000000%
16,0.2,0.1
rr=0.000000%
16,0.2,0.2
rr=1.119724%
16,0.3,0.1
rr=0.000000%
16,0.3,0.2
rr=1.378118%
16,0.3,0.3
rr=9.605904%
16,0.4,0.1
rr=0.000000%
16,0.4,0.2
rr=2.110255%
16,0.4,0.3
rr=0.085864%
16,0.4,0.4
rr=4.547165%
16,0.5,0.1
rr=0.000000%
16,0.5,0.2
rr=3.832904%
16,0.5,0.3
rr=9.730251%
16,0.5,0.4
rr=3.681712%
16,0.5,0.5
rr=3.679691%
16,0.6,0.1
rr=0.000000%
16,0.6,0.2
rr=3.832904%
16,0.6,0.3
rr=7.314232%
16,0.6,0.4
rr=5.650658%
16,0.6,0.5
rr=2.384745%
16,0.6,0.6
rr=1.827640%
16,0.7,0.1
rr=0.000000%
16,0.7,0.2
rr=5.211029%
16,0.7,0.3
rr=9.563592%
16,0.7,0.4
rr=8.502051%
16,0.7,0.5
rr=5.625071%
16,0.7,0.6
rr=5.802966%
16,0.7,0.7
rr=4.326056%
16,0.8,0.1
rr=0.000000%
16,0.8,0.2
rr=8.484067%
16,0.8,0.3
rr=24.967614%
16,0.8,0.4
rr=23.756825%
16,0.8,0.5
rr=20.475358%
16,0.8,0.6
rr=20.678264%
16,0.8,0.7
rr=17.411985%
16,0.8,0.8
rr=19.809934%
16,0.9,0.1
rr=0.000000%
16,0.9,0.2
rr=6.529068%
16,0.9,0.3
rr=27.212610%
16,0.9,0.4
rr=25.344345%
16,0.9,0.5
rr=22.883387%
16,0.9,0.6
rr=22.883387%
16,0.9,0.7
rr=22.137347%
16,0.9,0.8
rr=19.901549%
16,0.9,0.9
rr=23.152049%
17,0.1,0.1
rr=0.000000%
17,0.2,0.1
rr=0.000000%
17,0.2,0.2
rr=1.206893%
17,0.3,0.1
rr=0.000000%
17,0.3,0.2
rr=1.465510%
17,0.3,0.3
rr=4.471497%
17,0.4,0.1
rr=0.000000%
17,0.4,0.2
rr=2.198278%
17,0.4,0.3
rr=4.212795%
17,0.4,0.4
rr=0.547352%
17,0.5,0.1
rr=0.000000%
17,0.5,0.2
rr=3.922411%
17,0.5,0.3
rr=8.526023%
17,0.5,0.4
rr=3.741737%
17,0.5,0.5
rr=9.344929%
17,0.6,0.1
rr=0.000000%
17,0.6,0.2
rr=5.301725%
17,0.6,0.3
rr=8.609269%
17,0.6,0.4
rr=7.411192%
17,0.6,0.5
rr=6.086656%
17,0.6,0.6
rr=8.084852%
17,0.7,0.1
rr=0.000000%
17,0.7,0.2
rr=5.603449%
17,0.7,0.3
rr=8.494810%
17,0.7,0.4
rr=9.675354%
17,0.7,0.5
rr=8.544596%
17,0.7,0.6
rr=6.537999%
17,0.7,0.7
rr=7.882027%
17,0.8,0.1
rr=0.000000%
17,0.8,0.2
rr=8.577584%
17,0.8,0.3
rr=17.230239%
17,0.8,0.4
rr=24.792151%
17,0.8,0.5
rr=23.505538%
17,0.8,0.6
rr=21.222368%
17,0.8,0.7
rr=17.463264%
17,0.8,0.8
rr=23.929370%
17,0.9,0.1
rr=0.000000%
17,0.9,0.2
rr=6.620900%
17,0.9,0.3
rr=25.585295%
17,0.9,0.4
rr=20.672125%
17,0.9,0.5
rr=20.672125%
17,0.9,0.6
rr=20.672125%
17,0.9,0.7
rr=20.672125%
17,0.9,0.8
rr=20.672125%
17,0.9,0.9
rr=20.672125%
18,0.1,0.1
rr=0.000000%
18,0.2,0.1
rr=0.000000%
18,0.2,0.2
rr=0.000000%
18,0.3,0.1
rr=0.000000%
18,0.3,0.2
rr=0.000000%
18,0.3,0.3
rr=-3.237518%
18,0.4,0.1
rr=0.000000%
18,0.4,0.2
rr=0.000000%
18,0.4,0.3
rr=-3.137108%
18,0.4,0.4
rr=2.823148%
18,0.5,0.1
rr=0.000000%
18,0.5,0.2
rr=0.000000%
18,0.5,0.3
rr=-0.687302%
18,0.5,0.4
rr=5.222074%
18,0.5,0.5
rr=4.317994%
18,0.6,0.1
rr=0.000000%
18,0.6,0.2
rr=0.000000%
18,0.6,0.3
rr=9.518959%
18,0.6,0.4
rr=18.542823%
18,0.6,0.5
rr=11.217340%
18,0.6,0.6
rr=11.714817%
18,0.7,0.1
rr=0.000000%
18,0.7,0.2
rr=0.000000%
18,0.7,0.3
rr=6.257475%
18,0.7,0.4
rr=11.977859%
18,0.7,0.5
rr=7.966527%
18,0.7,0.6
rr=7.936915%
18,0.7,0.7
rr=5.450188%
18,0.8,0.1
rr=0.000000%
18,0.8,0.2
rr=0.000000%
18,0.8,0.3
rr=14.378540%
18,0.8,0.4
rr=26.275933%
18,0.8,0.5
rr=21.752408%
18,0.8,0.6
rr=21.719015%
18,0.8,0.7
rr=18.914766%
18,0.8,0.8
rr=22.118416%
18,0.9,0.1
rr=0.000000%
18,0.9,0.2
rr=0.000000%
18,0.9,0.3
rr=19.081342%
18,0.9,0.4
rr=20.672125%
18,0.9,0.5
rr=20.672125%
18,0.9,0.6
rr=20.672125%
18,0.9,0.7
rr=20.672125%
18,0.9,0.8
rr=20.672125%
18,0.9,0.9
rr=20.672125%
19,0.1,0.1
rr=0.000000%
19,0.2,0.1
rr=0.000000%
19,0.2,0.2
rr=0.000000%
19,0.3,0.1
rr=0.000000%
19,0.3,0.2
rr=0.000000%
19,0.3,0.3
rr=0.757230%
19,0.4,0.1
rr=0.000000%
19,0.4,0.2
rr=0.000000%
19,0.4,0.3
rr=-1.064104%
19,0.4,0.4
rr=1.339804%
19,0.5,0.1
rr=0.000000%
19,0.5,0.2
rr=0.000000%
19,0.5,0.3
rr=2.943215%
19,0.5,0.4
rr=5.132108%
19,0.5,0.5
rr=4.560127%
19,0.6,0.1
rr=0.000000%
19,0.6,0.2
rr=0.000000%
19,0.6,0.3
rr=7.286871%
19,0.6,0.4
rr=13.819774%
19,0.6,0.5
rr=6.685872%
19,0.6,0.6
rr=8.897713%
19,0.7,0.1
rr=0.000000%
19,0.7,0.2
rr=0.000000%
19,0.7,0.3
rr=17.807089%
19,0.7,0.4
rr=17.527825%
19,0.7,0.5
rr=12.878910%
19,0.7,0.6
rr=11.861975%
19,0.7,0.7
rr=12.522926%
19,0.8,0.1
rr=0.000000%
19,0.8,0.2
rr=0.000000%
19,0.8,0.3
rr=21.287998%
19,0.8,0.4
rr=23.200489%
19,0.8,0.5
rr=19.534611%
19,0.8,0.6
rr=18.607277%
19,0.8,0.7
rr=18.506561%
19,0.8,0.8
rr=20.763752%
19,0.9,0.1
rr=0.000000%
19,0.9,0.2
rr=0.000000%
19,0.9,0.3
rr=25.585295%
19,0.9,0.4
rr=20.672125%
19,0.9,0.5
rr=20.672125%
19,0.9,0.6
rr=20.672125%
19,0.9,0.7
rr=20.672125%
19,0.9,0.8
rr=20.672125%
19,0.9,0.9
rr=20.672125%
20,0.1,0.1
rr=0.000000%
20,0.2,0.1
rr=0.000000%
20,0.2,0.2
rr=0.000000%
20,0.3,0.1
rr=0.000000%
20,0.3,0.2
rr=0.000000%
20,0.3,0.3
rr=1.921857%
20,0.4,0.1
rr=0.000000%
20,0.4,0.2
rr=0.000000%
20,0.4,0.3
rr=1.950504%
20,0.4,0.4
rr=10.401091%
20,0.5,0.1
rr=0.000000%
20,0.5,0.2
rr=0.000000%
20,0.5,0.3
rr=10.313168%
20,0.5,0.4
rr=4.838378%
20,0.5,0.5
rr=4.367276%
20,0.6,0.1
rr=0.000000%
20,0.6,0.2
rr=0.000000%
20,0.6,0.3
rr=22.300359%
20,0.6,0.4
rr=17.210155%
20,0.6,0.5
rr=10.309035%
20,0.6,0.6
rr=10.210206%
20,0.7,0.1
rr=0.000000%
20,0.7,0.2
rr=0.000000%
20,0.7,0.3
rr=33.884406%
20,0.7,0.4
rr=24.059497%
20,0.7,0.5
rr=17.539769%
20,0.7,0.6
rr=17.609555%
20,0.7,0.7
rr=16.884896%
20,0.8,0.1
rr=0.000000%
20,0.8,0.2
rr=0.000000%
20,0.8,0.3
rr=34.080129%
20,0.8,0.4
rr=24.720350%
20,0.8,0.5
rr=20.487809%
20,0.8,0.6
rr=18.842128%
20,0.8,0.7
rr=17.342427%
20,0.8,0.8
rr=23.613813%
20,0.9,0.1
rr=0.000000%
20,0.9,0.2
rr=0.000000%
20,0.9,0.3
rr=25.585295%
20,0.9,0.4
rr=20.672125%
20,0.9,0.5
rr=20.672125%
20,0.9,0.6
rr=20.672125%
20,0.9,0.7
rr=20.672125%
20,0.9,0.8
rr=20.672125%
20,0.9,0.9
rr=20.672125%
